Car 0.0 0 -1.1971993 206.5118110049043 189.10744445122674 425.7924576268143 321.1238935944096 3.5907793 1.5356177 1.6074399 -4.046679 1.5707414 10.287009 -1.5719838 6.232326
Car 0.0 0 -1.4436197 440.14158170375305 194.06038995329126 514.3648739592727 248.682619403456 4.10848 1.4670582 1.6961294 -4.2627754 1.7029573 22.120018 -1.6339971 4.741114
Car 0.0 0 -1.6256614 605.7612691131825 194.5025761416693 645.9926518031513 230.34394966687768 3.876577 1.5755507 1.7084402 0.2046203 1.9548578 34.676434 -1.6197606 2.1198578
Car 0.0 0 0.02057004 0.0 197.30849900463784 176.6148637597037 314.07807081235967 4.2286315 1.6947409 1.7326161 -10.448187 1.9057178 12.8554 -0.6618953 3.1460607
Car 0.0 0 1.7146689 490.69738736906174 194.09496865923404 545.982156643662 232.22105803579794 3.7031713 1.3872731 1.6623734 -4.0058637 1.6885372 28.928314 1.5770684 1.4503541
Car 0.0 0 -1.4494848 511.56301460162507 190.94961275442418 554.541312911299 222.24994083796915 4.0116854 1.4672595 1.6689414 -4.3432503 1.6770462 36.50115 -1.5679173 0.8874801
Car 0.0 0 1.3840091 317.16976505626286 179.26221952238657 387.18168708167985 223.86314535869175 3.7712288 1.5881106 1.8536321 -10.383804 1.3125905 27.908762 1.0278162 0.5054187
Car 0.0 0 -1.4206423 360.50905600967593 187.26853235719622 415.96927540832854 224.98800467511725 3.4659638 1.4401228 1.6456851 -9.395352 1.4517486 29.547623 -1.7285056 0.5185047
Car 0.0 0 -2.1656308 900.953989297893 199.45308635082947 1242.0 375.0 3.9955492 1.6047659 1.6242576 3.3778288 1.7208469 4.741316 -1.5466149 0.58068347
Car 0.0 0 -2.1799202 881.2590533715703 202.40019627311327 1242.0 375.0 4.2910995 1.6568257 1.6980151 3.4454079 1.8093941 5.0298758 -1.5793401 0.50151235
