Car 0.0 0 -1.1873202 181.5054680252874 188.02506275844746 413.41897633865955 326.52345885639363 3.5121102 1.502257 1.554711 -4.0195394 1.5184021 9.654628 -1.5818269 6.0733333
Car 0.0 0 -1.4417357 426.9509013265336 193.07930076902232 506.19776240759927 249.04177515709782 4.1864924 1.4251776 1.7085627 -4.358359 1.619993 21.082172 -1.6455959 4.913801
Car 0.0 0 1.6855326 482.5534629514553 192.94906383351432 537.1975116234697 232.86163224661712 3.6901603 1.3990781 1.6544448 -4.1780705 1.64292 27.844572 1.536594 2.3485856
Car 0.0 0 1.5148044 601.4639064017302 193.3852388630276 643.976889411944 229.2901882724068 3.8487859 1.538534 1.7595186 0.048390895 1.8530035 33.73677 1.5162387 1.8296374
Car 0.0 0 -1.4604487 502.1879197843391 189.47791464773331 547.0720278162221 223.34333944216888 4.0723405 1.4818428 1.6458509 -4.4424577 1.6053188 34.07597 -1.5900868 1.4759997
Car 0.0 0 1.6794251 529.2272720822259 189.85596735812385 561.2631525302515 214.88144127308016 3.5720677 1.4906846 1.6141015 -4.671648 1.6765248 45.38602 1.576855 0.6130311
Car 0.0 0 -2.1107917 814.2181710996695 200.18818569839829 1242.0 375.0 3.953673 1.5513413 1.6686445 3.245766 1.7074125 6.543022 -1.6502968 2.5562882
Car 0.0 0 2.4992175 0.0 193.33516919599995 133.12587771496183 334.9547075434049 4.213536 1.6883036 1.7479755 -9.98875 1.8046536 11.079248 1.765534 0.79863644
Car 0.0 0 -2.0666857 836.8286092017951 200.38115262526867 1242.0 375.0 3.8593879 1.5240886 1.6775649 3.379646 1.6798358 6.4956126 -1.5869329 1.0643172
Car 0.0 0 -2.1097188 822.6602746846227 199.09029378700592 1242.0 375.0 3.88728 1.539153 1.6736165 3.2392392 1.6773239 6.2927337 -1.6343341 0.9104405
