Car 0.0 0 -1.4287796 431.13957876238084 193.3401417113543 511.01117958720573 250.52884870474892 4.048648 1.4494753 1.6795038 -4.1940765 1.650351 20.902416 -1.6268004 5.205239
Car 0.0 0 -1.187779 191.587041799469 188.77764940765076 419.41432767174297 325.88860376175586 3.5094342 1.5041898 1.549011 -3.9628084 1.5324188 9.756224 -1.5736037 6.0658183
Car 0.0 0 1.4961348 602.2029208833918 194.9294670966399 644.6763663095653 230.42879936563656 3.800356 1.5286834 1.7103599 0.08435918 1.9225117 34.051685 1.4986122 2.3167367
Car 0.0 0 1.7090291 484.98149240967217 193.47521660311517 540.6535744217049 233.47336420779436 3.5709705 1.4064151 1.6318988 -4.0697036 1.6712673 27.863634 1.5639967 2.662407
Car 0.0 0 -1.4535394 506.301748834073 190.43666888957745 550.0289328562851 223.14534889997972 3.9163308 1.4738964 1.6438224 -4.4042444 1.649338 35.047146 -1.5785503 1.2332611
Car 0.0 0 2.5013652 0.0 194.37783557090168 152.31979805068949 328.192517368937 4.310248 1.6469496 1.7450911 -9.957666 1.7869706 11.467777 1.7863328 1.3251158
Car 0.0 0 1.1750824 297.95570442122664 178.52790399933446 388.59102731782957 224.54424095708 3.7035503 1.5733877 1.8353252 -10.277431 1.2837104 26.76243 0.8084234 0.45716608
Car 0.0 0 1.6789327 529.2614820386859 189.80842350030912 562.2424154438779 215.37259745644553 3.7009249 1.5170523 1.6563237 -4.6271496 1.6996679 45.287495 1.5771132 0.4856928
Car 0.0 0 -2.1758199 832.6820670394053 200.73990654923102 1242.0 375.0 3.9138165 1.5149496 1.6515564 3.250974 1.6632605 5.799998 -1.6649411 1.7096914
Car 0.0 0 -2.1172104 856.2422290373017 201.2044661188585 1242.0 375.0 3.9582934 1.550515 1.6725571 3.557956 1.7120674 6.2436357 -1.5992527 1.5228618
Car 0.0 0 -2.1721888 831.2822267448897 199.78134601950657 1242.0 375.0 3.9716988 1.5271614 1.6701006 3.2435365 1.6652372 5.779364 -1.6607666 1.0398213
Car 0.0 0 -2.1426249 831.8009964233136 201.20759750079816 1242.0 375.0 3.8557286 1.5312308 1.6753541 3.1589956 1.6812334 5.6770544 -1.6348432 0.55427
