Car 0.0 0 -1.2025914 349.58790513626764 178.1262043562178 525.6730663040239 287.4643107042089 4.2238774 1.7127599 1.7365173 -3.1827908 1.5737536 13.568302 -1.433001 5.7181916
Car 0.0 0 0.101454675 184.3917088418939 186.33164698746532 279.11402745978944 219.69692508331886 3.6526303 1.4505565 1.5134531 -17.556368 1.4214998 32.912033 -0.38858032 1.6376818
Car 0.0 0 -1.4174328 496.8144252474031 183.3360437141794 560.6601145015924 230.27262772976428 3.9839787 1.5626081 1.6841153 -3.2237034 1.440628 26.153835 -1.5400735 2.1558187
Car 0.0 0 1.49426 574.2220360467327 189.4608504767147 639.8572262639836 239.81350266001513 3.9656763 1.4269557 1.7519996 -0.5088348 1.5113592 22.807116 1.4719533 2.4317777
Car 0.0 0 -1.050137 0.0 191.95885616756433 427.6874107770224 375.0 3.8002687 1.508956 1.633408 -3.019472 1.5635092 6.032663 -1.514201 3.006882
Car 0.0 0 -1.0608559 0.0 186.7983378602629 420.6479927301239 375.0 3.7664847 1.5129651 1.6465312 -3.0093052 1.5118711 5.8434772 -1.5364197 1.8608378
Car 0.0 0 -1.0655403 0.0 186.1973013508051 417.00517252333924 375.0 3.7998781 1.5180264 1.6540414 -3.0539706 1.513643 5.8800545 -1.5445698 1.856399
Car 0.0 0 -1.0678663 0.0 184.8458319673715 403.5008020951943 375.0 3.9228606 1.5375997 1.6884705 -3.2235787 1.5257616 5.9511104 -1.564297 1.8364738
Car 0.0 0 -1.1710515 312.7430938083094 183.94131251219224 370.4451671596667 212.5965896140921 3.5292912 1.4455184 1.5980507 -14.6892605 1.2912226 38.36398 -1.5367231 0.47951192
Car 0.0 0 -1.1312103 0.0 190.12886184645487 381.58433164656304 375.0 4.2324777 1.5020422 1.7535683 -3.3826723 1.5370634 5.936627 -1.6491256 0.7103056
Car 0.0 0 -1.1052818 0.0 191.02089515070196 399.7429604082509 375.0 4.1410923 1.4850639 1.7333475 -3.2645102 1.52998 6.001046 -1.6034993 0.6465644
