Car 0.0 0 -1.3030052 345.2916047052966 181.83947598931957 498.4150382487005 285.58691985936406 3.5204234 1.5060314 1.5882431 -3.1843283 1.4311196 12.295913 -1.5564125 6.6055765
Car 0.0 0 -1.3974414 445.9862258758505 178.59924264571396 538.3399468776659 244.76480798875664 4.0477824 1.5216585 1.6475977 -3.181768 1.3284601 18.701412 -1.5659629 4.822888
Car 0.0 0 1.5007076 569.1315520707449 186.05091460424825 640.9462331232743 242.8907513791478 3.9583597 1.4158939 1.7008773 -0.5224223 1.392252 20.111763 1.4747375 3.4613001
Car 0.0 0 -1.5361781 344.8375380829666 181.7543592480974 375.3130031020687 207.19606767626283 3.6499214 1.4413033 1.5746194 -15.422312 1.1441314 43.05064 -1.8801717 1.0349157
Car 0.0 0 -1.2425408 247.4475488611314 183.07920609296178 304.7566295399743 213.33609065470378 3.4252787 1.4684578 1.6182461 -17.495678 1.2781699 36.98021 -1.6844454 0.5515786
Car 0.0 0 -1.0654774 0.0 198.6884958877482 419.1923708558153 375.0 3.826353 1.444958 1.613715 -3.1040308 1.5752153 6.1377573 -1.5336963 1.9456278
Car 0.0 0 -1.0624943 0.0 198.48435184370828 421.24068843619443 375.0 3.741612 1.4622165 1.6118113 -3.0808907 1.5897771 6.1486216 -1.5269976 1.7594974
Car 0.0 0 -0.61143315 252.53903059361937 182.4176402688446 376.7111536148602 231.15175145640148 3.4993072 1.4769802 1.5662556 -9.979792 1.338103 23.870256 -1.007432 0.6087518
Car 0.0 0 -0.6398959 226.4407106015154 182.53331551851585 366.7939156823963 238.48111687616398 3.5030608 1.4960425 1.5943872 -9.407452 1.3766035 21.30369 -1.0557324 0.43934712
Car 0.0 0 -1.1055416 0.0 196.07902789320147 396.50023403198327 375.0 3.9591637 1.490894 1.6735693 -3.3037438 1.5930744 6.1580825 -1.5979526 0.7406592
Car 0.0 0 -1.1235003 0.0 194.47656756714522 384.59204106224894 375.0 4.019836 1.5240656 1.6926402 -3.4155548 1.609137 6.1948824 -1.6273801 0.6717106
