Car 0.0 0 -1.1911159 307.0668727477329 176.9293206621349 511.17252501252307 308.3570186242726 4.3178887 1.8054258 1.7507654 -3.271521 1.6670846 12.206338 -1.4529797 6.658636
Car 0.0 0 -1.4416203 489.15398882109383 182.59242194685714 556.5435055034942 235.41504296522115 4.2623963 1.6456807 1.7266661 -3.2303715 1.5083632 24.719397 -1.5715656 3.316108
Car 0.0 0 -1.568172 577.735343760347 190.7659157232298 633.0305410425152 238.3932756298322 3.9899392 1.4518116 1.7105981 -0.50300705 1.5891392 24.428116 -1.5887604 2.1057973
Car 0.0 0 -1.5755391 302.27427772664885 183.84041206244373 338.38237605711004 214.63582588528055 3.3471084 1.4520522 1.5872082 -14.92061 1.3030727 36.035572 -1.9681005 1.1955762
Car 0.0 0 2.1740239 319.7067057129857 177.44081259241418 407.8548444569307 217.88440884607684 3.8223467 1.6350468 1.7269279 -11.013546 1.2485896 31.38137 1.8364958 0.9394205
Car 0.0 0 -0.05141908 55.99309847600042 186.31805372969578 304.57282734508004 279.3986213644402 3.9796853 1.5996845 1.637762 -8.502883 1.5879645 14.246926 -0.5894987 1.053256
Car 0.0 0 -0.9680104 0.0 188.80575260094608 321.9586385504928 375.0 4.0071535 1.5651476 1.6408364 -3.3628738 1.5811565 4.384383 -1.6223105 0.5274857
Car 0.0 0 -0.98184156 0.0 188.25418184888318 330.4981185595283 375.0 4.097791 1.61966 1.7030908 -3.4690611 1.6313996 4.699782 -1.617704 0.51658434
Car 0.0 0 -0.9881054 0.0 183.98514850026046 325.7216435570779 375.0 4.174737 1.6442488 1.7144753 -3.7084947 1.6317925 5.118751 -1.6150806 0.43445778
Car 0.0 0 -0.98963976 0.0 197.2059620427776 343.39093635110845 375.0 3.9387865 1.535094 1.6472623 -3.356492 1.6305764 4.7895627 -1.6008978 0.4868958
