Car 0.0 0 -1.4209604 461.36399820102685 181.27034553119512 541.3403072135914 244.80654779779246 4.300844 1.7131928 1.7186621 -3.4482162 1.5586982 21.706146 -1.5785029 4.2575264
Car 0.0 0 -1.5012264 368.03623887707755 180.80278322686146 402.43979274486827 208.28822854117544 3.523943 1.4656235 1.5862073 -13.116816 1.1351655 40.5612 -1.8139954 1.7784723
Car 0.0 0 1.5796527 571.2460661024257 189.1972479870985 624.7315038076869 236.71126498286694 4.171839 1.5748583 1.7877737 -0.79668903 1.6610327 26.32972 1.5494038 2.5693557
Car 0.0 0 -1.4827043 408.15232497251156 184.08822449849654 450.88435580841855 217.49544355236546 3.2566314 1.4427363 1.5988716 -8.65466 1.3169873 33.04957 -1.7388222 1.8834493
Car 0.0 0 -1.0327916 0.0 171.9310597586873 434.6266261021786 375.0 3.922513 1.5531446 1.6529316 -3.1144025 1.4621766 6.4011884 -1.4856093 2.8547847
Car 0.0 0 -1.1116419 0.0 163.57490525042385 389.5405226275092 375.0 4.209604 1.5789732 1.7324423 -3.4598665 1.4448454 6.29183 -1.6144071 0.770157
Car 0.0 0 -1.1357589 0.0 160.10148105237175 387.4146462276301 375.0 4.3595896 1.6068078 1.793569 -3.4962335 1.4550346 6.3278017 -1.6405344 0.78380936
Car 0.0 0 -1.1177821 0.0 155.55909804116226 409.86283048301635 375.0 4.18184 1.6364077 1.7727522 -3.2564602 1.4573445 6.2437816 -1.5985227 0.7229604
Car 0.0 0 -1.1187258 0.0 157.5571266705369 397.3860723408248 375.0 4.2615504 1.6239754 1.781824 -3.394261 1.4572475 6.273357 -1.6146791 0.64873874
Car 0.0 0 -1.1048789 0.0 161.99707148151913 400.73498347044756 375.0 4.0644197 1.5931293 1.7242618 -3.3002553 1.4514129 6.16305 -1.5965142 0.5929837
Car 0.0 0 -1.0709955 0.0 172.1897268368282 417.58676479539145 375.0 4.149618 1.5785221 1.7290062 -3.2814324 1.4907209 6.3944597 -1.5451219 0.5332429
