Car 0.0 0 -1.2355065 239.8810530735674 188.3183366757249 454.53031352567746 318.8009376083348 3.6380672 1.4808027 1.61925 -3.5320995 1.502451 10.084982 -1.5723894 6.627581
Car 0.0 0 -1.4544616 480.26918497524554 187.26719057361026 543.6702849964304 236.708036566116 3.8305616 1.5210772 1.6527375 -3.547539 1.5307338 24.26459 -1.5996354 3.6169662
Car 0.0 0 -0.8951291 0.0 163.5104510130456 194.65352531330527 303.4807046933166 4.110097 1.6612419 1.7041119 -8.344689 1.3824553 10.669874 -1.558847 3.7030096
Car 0.0 0 -1.4481187 384.03555733199215 183.21232799102444 434.9117051959851 220.11131261182393 3.8337069 1.4699823 1.617575 -8.924069 1.3190889 30.903364 -1.7292442 1.516094
Car 0.0 0 1.4755937 593.8097939762723 185.57078826479582 635.6365647840781 218.90938926124733 3.973503 1.6481354 1.812216 -0.35634887 1.5774806 37.912212 1.4661946 1.2694058
Car 0.0 0 -1.6333345 222.23503375759995 179.26890472881098 319.48496980880964 255.75655755084148 3.6964593 1.4388739 1.6484832 -7.629301 1.2934377 15.653015 -2.0868526 3.5490453
Car 0.0 0 -1.6423359 444.1519800725779 184.65577194928926 479.4321178473897 213.74536286250958 3.3113313 1.4646976 1.5862144 -8.4211035 1.3466628 38.31781 -1.8586668 0.97305304
Car 0.0 0 -1.0849838 233.0849666295364 177.56687614128592 302.2775064098169 208.98590063312187 3.4943547 1.4653982 1.6036252 -17.236942 1.0254328 35.58875 -1.5360225 0.4868704
Car 0.0 0 -1.0453415 80.38535829406472 173.35888919901103 239.6061335101489 243.36368063246994 3.470768 1.4688388 1.6039221 -10.587116 1.1826214 16.97247 -1.6030643 0.88389224
Car 0.0 0 -0.89021164 80.39720705527368 175.4417477422212 253.67696372602813 244.20757687096258 3.5576882 1.4696251 1.6283734 -10.662162 1.2226086 17.363808 -1.4408945 0.678863
