Car 0.0 0 -1.1739988 96.20607996044151 187.1455889817953 414.44557606597647 372.93073159249 3.610879 1.470541 1.579186 -3.4108198 1.4724272 7.567354 -1.5974581 5.179646
Car 0.0 0 -1.4255772 461.7407881417765 189.82652374913474 537.4558075865035 242.2453146042105 4.0623155 1.4246486 1.6749334 -3.5567384 1.5182631 21.968563 -1.5860857 4.300827
Car 0.0 0 -1.3704228 348.98813129928897 181.14409126421418 424.32009341828143 232.76648098144526 4.0001483 1.5768766 1.6169165 -7.704705 1.3979999 24.221712 -1.678393 3.0209694
Car 0.0 0 -0.9747224 0.0 174.2415860606004 180.07924595973745 253.3072901151673 4.2368608 1.5095116 1.8254371 -11.850034 1.2659297 15.996252 -1.6123098 3.2725928
Car 0.0 0 -1.6396723 594.404587964329 185.2170186653523 634.3793842875705 218.09575236663167 3.978208 1.5675262 1.7436844 -0.3612652 1.4825208 36.61703 -1.649538 1.4701235
Car 0.0 0 -1.3632107 502.9890419106708 185.65491114789876 546.4913096785189 216.92693839653666 3.6080003 1.5731127 1.5658292 -5.0105515 1.5054492 38.33021 -1.4931943 0.6518299
Car 0.0 0 -1.6501508 428.4231563359424 185.02389392404325 464.57908437158505 213.58571354548815 3.558433 1.4474869 1.5957155 -9.319453 1.3473396 38.6818 -1.8865712 0.67611706
Car 0.0 0 -0.5843882 171.34442365969667 177.10781055666715 296.2845323127564 218.36010295606613 4.063465 1.4928132 1.685819 -15.040834 1.1348406 28.423378 -1.0710995 0.5639283
Car 0.0 0 2.177183 163.40920872903828 176.2998788108623 262.55262235924704 214.02486689520507 3.9044142 1.4888142 1.7284682 -17.094995 1.0665346 30.639465 1.6682639 0.50000954
Car 0.0 0 -1.1725478 101.636813116509 193.36687467506061 419.7247714576522 375.0 3.4601192 1.4097891 1.6047087 -3.3127432 1.4905174 7.446684 -1.5911204 1.5767583
Car 0.0 0 -2.0343528 90.91672913226165 181.74744543576043 276.97016435762373 265.18191788945853 3.629613 1.4422745 1.6731685 -8.589658 1.3514771 14.209359 -2.5780797 0.87305164
