Car 0.0 0 -1.2179523 205.60835694014187 188.1280377019938 442.68641376215805 332.66773120385096 3.555427 1.477373 1.585095 -3.477967 1.4944972 9.222158 -1.5785904 6.0787125
Car 0.0 0 -1.4432436 472.7690844043668 186.89221395167394 541.7519732978212 238.00051516928556 4.0254 1.5026551 1.681235 -3.5500824 1.4994861 23.348038 -1.5941384 4.5049086
Car 0.0 0 1.5220883 594.9561075822994 183.5052221725494 635.7879360471775 218.9330004209063 3.9718604 1.6248962 1.7900137 -0.30396804 1.4646081 35.28649 1.5134742 2.0905778
Car 0.0 0 -1.6279802 440.1201583926085 184.62927674756935 475.3965329278819 213.84988637927165 3.4525757 1.4594504 1.6108254 -8.585557 1.3410424 38.092533 -1.8496629 1.5358454
Car 0.0 0 -0.98512405 46.941054143370344 174.62478668651528 233.17187290708736 244.40099519842195 4.040309 1.4623301 1.7153308 -11.155459 1.2029774 17.223728 -1.5598664 3.1008708
Car 0.0 0 -1.8923348 169.16609520542758 179.29779514493697 323.2589406364271 259.5877363587707 3.8237095 1.4262272 1.6597158 -7.7205186 1.2894094 14.804184 -2.3730414 3.9458778
Car 0.0 0 -1.4984794 386.6299119426363 177.21838473245387 417.0944283267924 204.1671202808664 3.785861 1.6555375 1.6007396 -13.998793 1.054625 46.561222 -1.7905356 0.48999035
Car 0.0 0 -1.4051728 374.6038041387228 182.31751856955506 433.18978449767025 222.5986232917473 3.679574 1.4834526 1.6235234 -8.474295 1.3110085 28.625278 -1.6929948 1.240224
Car 0.0 0 -1.0865769 222.43141355763578 176.4336957871208 284.8574794582333 205.5242273108528 3.388794 1.4858187 1.5765102 -19.529175 0.94613755 38.73807 -1.5535262 0.500938
Car 0.0 0 2.3263683 0.0 169.7028792387377 144.25237457123788 324.4202045293783 4.097705 1.6347117 1.6929377 -8.630353 1.4519539 9.733762 1.600983 0.83971155
Car 0.0 0 2.11671 204.28623427251932 176.2217938200816 269.16169149599847 205.04331233811902 3.3407626 1.4606276 1.525458 -20.283619 0.91440564 38.45573 1.6313413 0.41762683
Car 0.0 0 -1.23845 216.16432963559907 192.4378749379503 442.5897826283965 326.8180058120161 3.4574947 1.4341509 1.6885822 -3.5930386 1.5194867 9.628279 -1.5956203 0.5112506
