Car 0.0 0 -1.3488483 335.9293560271346 183.7208034129712 419.01318620534005 237.90419818395003 4.0130286 1.5644186 1.6404122 -7.5939403 1.4697394 23.009342 -1.6676295 3.7539957
Car 0.0 0 -1.4250603 454.91250641500676 192.06399078178336 533.7027798931937 247.7882343259033 4.063408 1.4339265 1.6649019 -3.5573897 1.595462 21.077847 -1.5922585 4.38703
Car 0.0 0 -1.5919433 424.41022686977163 187.42877456700418 458.7697938991463 217.86358085243944 3.6541348 1.4595325 1.6123925 -9.117268 1.4824628 36.79831 -1.8348156 1.8134898
Car 0.0 0 -1.1096153 19.823158328722464 190.53432336505884 407.2919815014778 375.0 3.6728559 1.4983991 1.5954326 -3.3672955 1.5408697 6.871337 -1.5652709 4.138602
Car 0.0 0 -1.3805485 498.79728577683187 187.160094095271 542.9088264451325 218.83766947939174 3.746265 1.5580422 1.5811154 -5.111203 1.5667658 37.592293 -1.5156839 1.075826
Car 0.0 0 -1.4124737 362.4341336096279 179.90204077196913 400.6375964863595 208.15358099410875 3.9360776 1.6601256 1.6316441 -14.670538 1.2430332 44.67555 -1.7297592 0.5336045
Car 0.0 0 0.3887921 168.1247520377573 181.13431432758784 270.54946358454293 215.3520869997288 3.6134648 1.4553827 1.5535868 -17.535122 1.2058978 31.81562 -0.11493218 0.9173786
Car 0.0 0 -2.1302824 0.0 171.64092239776016 143.0626530730338 262.55130060782216 3.8805556 1.6581566 1.8128752 -11.967189 1.3780153 14.707378 -2.813313 1.1306189
Car 0.0 0 2.2333808 132.7295866841131 178.65100818558432 218.28546150907195 211.4011591077569 3.552754 1.4653267 1.5979468 -20.950432 1.0917711 34.294617 1.6849883 0.65530336
Car 0.0 0 -1.7512115 590.7309145390451 188.1560571813431 634.4908817800338 217.4796993501967 3.707717 1.5083193 1.7387575 -0.4789978 1.5743665 39.43481 -1.7633575 0.5796681
Car 0.0 0 -2.2271824 17.192328795243938 186.57772032213643 238.635128004522 271.06980036268845 3.5790558 1.4351308 1.5940837 -9.232577 1.4279583 13.632798 -2.8224645 0.68415004
