Car 0.0 0 -1.394188 426.4605130623941 188.72064287694792 522.9607063192074 253.58361554579912 3.8951573 1.4237273 1.662717 -3.484601 1.4710436 17.977455 -1.5856456 5.856276
Car 0.0 0 -1.2396874 292.82226215552026 180.8215743016825 402.50522908713145 238.75036034297077 4.0785847 1.492339 1.6794153 -7.647335 1.3331728 20.734848 -1.5930252 4.4852347
Car 0.0 0 -0.965518 29.38041221642513 171.9028064512228 219.6261119451799 247.86030140025488 3.7805977 1.5013459 1.6319493 -10.859178 1.2029407 16.233109 -1.5551014 2.9196832
Car 0.0 0 -1.3751343 483.7564571449695 181.84071368844178 535.9671475155243 218.9764903271461 3.842957 1.6112151 1.6563609 -5.031287 1.3873684 33.41374 -1.524587 1.1933771
Car 0.0 0 -1.3540368 338.90079739051527 174.34651515364223 385.13745175455074 205.76698383268447 3.752613 1.63005 1.6030024 -14.0463 0.97360486 39.573643 -1.6951064 0.9572467
Car 0.0 0 -1.6684937 399.64115999608475 182.69497183369896 441.7885375130806 215.75281515993458 3.559739 1.4629791 1.5635678 -9.416748 1.2724595 34.02728 -1.938478 1.1345999
Car 0.0 0 -0.9619265 0.0 174.34979010496926 226.58819848327477 264.04013073174247 3.884441 1.466658 1.6210107 -9.385291 1.2597959 13.807389 -1.5589182 2.0772684
Car 0.0 0 -1.5525861 275.006390763948 182.38604556697092 308.7201334920683 212.09317105601704 3.2002025 1.4381777 1.4993831 -16.670004 1.2148075 36.865166 -1.9772584 0.6302345
Car 0.0 0 -0.9907465 0.0 194.7037903999817 333.63638661927337 375.0 3.6738882 1.4492608 1.5745236 -3.326226 1.5191526 4.714657 -1.6051593 2.0843623
Car 0.0 0 -0.45425278 58.410113558023994 173.87833918544317 219.95192471779052 227.04553959548028 4.1008215 1.5921773 1.7159785 -15.727522 1.199228 23.912962 -1.036021 0.743225
Car 0.0 0 -0.5448985 0.0 185.18106981749892 169.55476874249607 264.8234922067501 3.575728 1.5041575 1.6889454 -12.024793 1.4698045 15.665215 -1.1995758 0.5995494
Car 0.0 0 -0.999684 0.0 197.66029101256674 333.10775817250163 375.0 3.7010975 1.4502312 1.6082915 -3.3990521 1.5492461 4.852874 -1.610692 0.5531873
