Car 0.0 0 -1.4094977 446.5915973191404 192.4210353050157 529.607308854592 252.31581965315553 3.6580253 1.448899 1.6368343 -3.4944346 1.6100512 19.712057 -1.5849489 5.38451
Car 0.0 0 -1.3761597 327.7650474100087 185.2025094538309 409.2957835877041 239.76527644369932 3.8852644 1.5288994 1.6376592 -7.6533337 1.4785321 22.350729 -1.7060657 3.8060308
Car 0.0 0 -1.6535168 414.978045833564 187.63340553138002 452.9701533301787 218.84938702300002 3.6010323 1.4794756 1.5515043 -9.40174 1.512982 36.396553 -1.906305 1.5647131
Car 0.0 0 -1.3517599 355.76286304079457 179.41581766123136 399.9050650486745 209.28925683533956 3.7504954 1.6382904 1.6278678 -13.901007 1.222366 41.709023 -1.6734673 0.9157323
Car 0.0 0 -1.3813667 497.6614734349307 188.3104885817001 542.6683522138467 220.70447636285778 3.6754818 1.5601796 1.6037189 -5.0576844 1.6303596 36.94818 -1.5174072 1.0452996
Car 0.0 0 -1.0395765 0.0 190.58633997941772 404.0781425759806 375.0 3.577478 1.4536614 1.5595769 -3.189498 1.4925988 6.0488195 -1.5248191 2.8542752
Car 0.0 0 -1.0582665 0.0 188.98320729939564 394.3305795074589 375.0 3.6329975 1.4682382 1.5924587 -3.268778 1.489737 6.0305314 -1.5549765 2.7882354
Car 0.0 0 -1.5975356 301.0251776009447 187.5474096643234 333.4103084367105 215.4342213382723 3.224959 1.4268692 1.5175006 -16.318377 1.4576217 38.947914 -1.9942958 0.8411494
Car 0.0 0 0.35301727 132.88131341063436 180.73237332251537 257.353899112266 222.0808465094829 3.7746615 1.5096241 1.5614406 -16.080326 1.2807944 27.56738 -0.17503971 0.9937153
Car 0.0 0 -1.7315955 590.418108072155 188.96187301681317 633.9180174653147 220.3730642220715 3.8741813 1.5536028 1.6865249 -0.4915145 1.662446 38.16926 -1.744472 0.6553324
Car 0.0 0 0.57933027 0.0 179.51102568913666 95.5704628866964 222.49300030222653 3.7132316 1.4831481 1.6747416 -21.363535 1.2247314 26.0492 -0.107560635 0.40134022
Car 0.0 0 0.5093277 116.21450905225288 180.9971575026556 254.8877343644157 222.63237169434348 3.9801621 1.4507103 1.6738784 -15.605687 1.2415512 26.155294 -0.028628647 0.5110976
Car 0.0 0 -0.6560899 104.77997189927763 180.13873358433904 239.10345535245696 224.8046975199458 3.78936 1.4408092 1.6446738 -15.609102 1.2194824 25.450275 -1.2062442 0.48837563
Car 0.0 0 -2.0463543 0.0 185.70576190867382 166.9567352261666 266.90838856025255 3.5625772 1.3929012 1.7356757 -10.743437 1.3707006 13.980289 -2.701572 0.56531614
