Car 0.0 0 -1.3989081 436.42010609232165 191.29883910892238 526.0522087574989 253.33480623806625 3.7180438 1.4273745 1.6520275 -3.4974926 1.5499825 18.809357 -1.5827528 5.490238
Car 0.0 0 -1.2380791 310.51647665002577 184.8913125666147 409.2975786018384 238.32504007809493 3.8650365 1.4766223 1.6276802 -7.7660046 1.4183495 21.973534 -1.5778022 3.7730403
Car 0.0 0 -1.3801913 490.5049387835878 185.8290776697435 537.4874203732627 219.3915337099913 3.688705 1.5555562 1.5997072 -5.153846 1.5012861 35.48222 -1.5244341 1.1678177
Car 0.0 0 -1.3262715 351.36183495410603 179.14316790330375 394.71210414956226 207.36974674111582 3.6959257 1.5964379 1.5765995 -14.589927 1.1520715 42.91211 -1.654006 0.60050404
Car 0.0 0 -1.0235248 0.0 193.6873015290359 377.46674906985254 375.0 3.7198877 1.4822599 1.6040555 -3.3352895 1.5514965 5.636183 -1.5578663 2.611936
Car 0.0 0 -1.5819197 289.185501796948 186.93392304168606 321.4580005432595 215.1600266259004 3.1451893 1.4144784 1.4957546 -16.563915 1.4111671 38.072876 -1.9922787 0.7179443
Car 0.0 0 -1.6720582 406.4113609702891 186.82528541169128 449.9610028805782 218.6545583067513 3.744297 1.4496576 1.6617545 -9.345111 1.4417002 35.065403 -1.9325098 0.86745703
Car 0.0 0 0.46401265 90.34382359652862 178.59007682384012 245.51145959103505 226.9200875174671 4.055809 1.5374485 1.665346 -14.920984 1.2699165 24.076689 -0.09078619 0.9470905
Car 0.0 0 -1.7367864 589.3918391929901 187.1972650819003 633.0831984074971 216.73048667992683 3.7427416 1.492091 1.729995 -0.5446121 1.5031507 38.651924 -1.7508756 0.47510687
Car 0.0 0 -0.5723424 43.84428415322081 178.79417517323265 252.14758932443152 250.9968322240819 3.6857324 1.4419721 1.5970255 -10.552125 1.2780921 16.487293 -1.1416667 0.6738115
Car 0.0 0 -1.0235252 0.0 188.604177738278 373.83634716629183 375.0 3.5995073 1.4607275 1.5653085 -3.266493 1.4768121 5.463215 -1.5624042 0.89563096
Car 0.0 0 -1.6067716 0.0 187.01831725548294 78.1779608866109 274.056243275639 3.8722582 1.4185511 1.8712078 -11.77924 1.4189538 13.877903 -2.310555 0.45284942
Car 0.0 0 -1.0172272 0.0 191.5911405832262 288.12795420972753 346.89406686593406 3.6547909 1.4550126 1.5484751 -5.59551 1.5220118 8.740714 -1.5866582 0.7211806
