Car 0.0 0 -1.2884622 358.2691023969762 195.93684166291123 489.1520097507257 282.3308646757252 3.537251 1.4716436 1.5748992 -3.7807317 1.6725564 14.50966 -1.5433608 4.6182027
Car 0.0 0 1.711334 467.6655655731145 189.6232282565878 535.2382392182053 238.6713350539175 3.9172087 1.4947566 1.6875488 -3.89483 1.5897481 24.279905 1.5522753 2.823898
Car 0.0 0 -0.90161186 0.0 194.7246538888551 207.47623318994843 318.9438382284122 4.2848325 1.5517857 1.6842462 -8.646367 1.6972198 11.487933 -1.5468054 3.2866237
Car 0.0 0 -1.7303162 680.7206863169721 199.7632679333199 738.2592546173609 244.2140097792666 3.4744275 1.4716197 1.5699936 3.2199936 1.9742529 26.78461 -1.6106722 1.7238164
Car 0.0 0 -1.4436812 497.78586107100296 189.54411271932776 549.9517510564878 227.96186464340946 4.148509 1.5057945 1.6727372 -4.026229 1.6210519 30.768728 -1.5737965 1.7261199
Car 0.0 0 -1.6115736 704.5621329524894 208.00229117388744 812.3176940230326 309.801541112331 3.576224 1.4451514 1.6348406 2.3690991 1.8750255 12.954712 -1.4306968 3.9288695
Car 0.0 0 -1.6582313 595.8632452299132 192.38325516099727 632.3818190445701 220.22023987444305 4.079752 1.4753656 1.7288061 -0.41281146 1.7981484 41.35762 -1.6682124 1.1443233
Car 0.0 0 -1.2563815 429.3279911434837 192.17478425635585 477.3808205182929 222.05416313878328 3.4504123 1.4993855 1.508061 -8.887075 1.7889652 38.785824 -1.4816254 0.54084855
Car 0.0 0 -1.5181669 639.6031506942547 194.57650035757217 667.426648051856 218.18377227041086 3.892212 1.5015692 1.6899273 2.2865412 2.0392501 49.43165 -1.4719433 0.42885244
Car 0.0 0 -1.208077 292.10173679442306 192.2524855232226 378.882083326602 242.38919534107728 3.5310705 1.6010028 1.6633044 -9.837707 1.7970989 25.295153 -1.5789924 0.76356286
