Car 0.0 0 -1.1812744 177.8964652773476 186.72864130039042 418.2728651268873 329.03105756655475 3.4905047 1.4941517 1.5588301 -3.8727157 1.4913025 9.359889 -1.5735834 4.3334117
Car 0.0 0 -1.4388843 426.08923131654973 192.99536977708752 507.2183728441775 249.23294424107516 4.1729608 1.4057218 1.7126316 -4.277243 1.5947933 20.721638 -1.6424397 3.2681375
Car 0.0 0 -1.6468835 601.188287564304 192.99908340943665 644.9824251950012 229.76515058559627 3.8183782 1.5453795 1.7068955 0.062381204 1.8354049 33.0833 -1.644998 1.3982983
Car 0.0 0 -1.4450603 482.8304059657134 192.786197065815 539.1053495182535 232.9547092685375 3.6716132 1.3940295 1.6581897 -4.0899944 1.6286803 27.548353 -1.5924497 1.5857463
Car 0.0 0 -1.4782524 502.66708942820134 189.12505143559562 546.6950294755319 223.68116473058032 4.040265 1.4785641 1.6326396 -4.341725 1.5822394 33.322163 -1.6078179 1.0670255
Car 0.0 0 1.6357944 530.997395661391 190.37599533195916 560.7013995985784 215.48646552636367 3.4814212 1.4639347 1.5886112 -4.5469704 1.6794415 44.512203 1.5339965 0.6877015
Car 0.0 0 1.1241052 289.9308679108818 178.65954590631387 382.7039763983759 223.26317691774483 3.6757 1.5438358 1.8034582 -10.623541 1.2551532 27.006285 0.7493248 0.40612328
Car 0.0 0 -2.1026285 810.9862008714484 196.9663733752009 1242.0 375.0 3.8185387 1.5146106 1.6494055 3.0323703 1.6249516 6.0657396 -1.6390467 1.3152311
Car 0.0 0 2.4964478 0.0 196.1503808670688 140.1139572651475 330.4402466851723 4.225919 1.6217211 1.723971 -10.013512 1.792683 11.303374 1.771485 0.6859516
Car 0.0 0 -2.0453925 844.8650387203857 200.67916743681036 1242.0 375.0 3.7134755 1.4759111 1.6445314 3.3198674 1.6295425 6.276171 -1.5588433 0.9042177
