Car 0.0 0 -1.4277091 430.63276936438444 193.32195404962482 512.1016255435395 250.57555850668575 4.0294485 1.4239227 1.6834667 -4.1100864 1.6209966 20.543163 -1.6251727 3.4474695
Car 0.0 0 -1.1826838 188.09287962681267 187.6813046749874 423.4872025539158 328.1751888098922 3.4849474 1.4934847 1.5507332 -3.8281093 1.5040237 9.469467 -1.5668557 4.3472815
Car 0.0 0 -1.6598234 601.9392686344471 194.72000962878818 645.6825953886676 230.5476662713739 3.7902164 1.5261861 1.6965082 0.099095196 1.9058044 33.690044 -1.656882 1.6890326
Car 0.0 0 1.6808729 487.8076410536024 193.50116268182958 540.636481732288 233.68800600005585 3.562288 1.4032669 1.6081902 -3.9957974 1.6679237 27.70767 1.5376477 1.9933491
Car 0.0 0 -1.4586167 506.62976799853084 190.2257774064681 550.2571382630259 223.23911043629687 3.9017348 1.4675921 1.6311892 -4.330965 1.6301464 34.57398 -1.5832342 0.97758406
Car 0.0 0 1.1218437 297.2802790986722 178.78943644494558 389.17813025290826 223.33640017327812 3.7087479 1.5541972 1.7862792 -10.44788 1.2677392 27.216255 0.7553073 0.59260666
Car 0.0 0 2.495938 0.0 196.9245771141891 152.22928808756694 325.49069828649675 4.2193146 1.5872923 1.7120161 -9.951913 1.7759752 11.540497 1.7843194 1.149596
Car 0.0 0 1.6426935 530.7300374012051 190.51139914357864 561.7525791527994 215.89811983017765 3.6325266 1.4784933 1.6374989 -4.525912 1.7032757 44.571995 1.5414988 0.44650376
Car 0.0 0 -2.175745 833.2873314899854 197.24839591389866 1242.0 375.0 3.9116356 1.5181922 1.6677326 3.1550488 1.6242678 5.4859414 -1.6538241 1.0542431
Car 0.0 0 -2.1121445 858.8617975189479 197.60034787168811 1242.0 375.0 3.8608396 1.5227395 1.6560439 3.405962 1.6365521 5.842714 -1.5843623 0.96341884
Car 0.0 0 -2.1697712 833.0962300990005 195.80707340252226 1242.0 375.0 3.9511623 1.5286281 1.6813798 3.1410167 1.6194011 5.4393196 -1.6460865 0.87506264
Car 0.0 0 -2.14858 829.4158614147876 200.37679664200965 1242.0 375.0 3.8160427 1.5141598 1.6730316 3.0834827 1.6519883 5.510002 -1.6383843 0.4014292
