Car 0.0 0 -1.4026465 410.927309959546 185.8514828107481 499.29985983623976 251.68860483948345 3.5749753 1.5315727 1.6276159 -4.152691 1.5048547 18.69218 -1.621258 3.5331361
Car 0.0 0 -1.7515472 679.2246455281471 198.70889472969156 750.547951559254 252.01095089531688 3.758477 1.5098594 1.6107622 2.9434304 1.9171994 23.30154 -1.6258936 2.8708856
Car 0.0 0 -1.4470845 492.4213182547983 189.52767128217687 539.3161285643044 224.65931175936745 3.5281389 1.4421161 1.6065236 -4.5310354 1.5591649 31.794819 -1.58864 1.5479168
Car 0.0 0 -1.6334944 597.248129088459 190.85118639620933 630.2481585333587 218.31785200613723 3.9630935 1.4918903 1.6620257 -0.43462148 1.7257469 41.987976 -1.6438451 0.8708214
Car 0.0 0 -1.2510858 267.3123689007964 191.97506874403004 348.39346917878464 235.92692683925452 3.5555747 1.4573649 1.6577103 -11.237568 1.6504576 26.297945 -1.6549176 1.1009296
Car 0.0 0 -1.0715656 0.0 196.2378638559512 376.88616217082557 375.0 4.155658 1.5232598 1.6883408 -3.7724454 1.6353362 6.707294 -1.5839089 2.2918448
Car 0.0 0 -1.061429 0.0 196.35762672249348 388.08903300819065 375.0 4.1155367 1.4677116 1.6654549 -3.617577 1.5793934 6.5890956 -1.5635233 2.2056284
Car 0.0 0 -0.55130625 440.48301882634894 185.47377856546228 540.5088462104143 228.15964662860824 3.5744865 1.5867211 1.639548 -5.1156645 1.5299883 28.75074 -0.72739494 0.5464569
Car 0.0 0 -1.06075 0.0 196.20206356354413 389.7711670179662 375.0 3.908815 1.4828815 1.6315178 -3.5478468 1.5910444 6.5562367 -1.556766 1.4181033
Car 0.0 0 -1.0639181 0.0 197.8652094253561 387.6734705896691 375.0 3.7782724 1.47847 1.6612815 -3.5824652 1.6061879 6.624062 -1.5596907 1.2360753
