Car 0.0 0 -1.1895561 204.0192753132056 188.0811346320968 429.69699563651074 322.9591950451408 3.5391595 1.5153184 1.5911458 -3.892748 1.5328043 9.949882 -1.5624843 4.4232917
Car 0.0 0 -1.4414043 439.27446415985327 194.0374128284936 515.329635064561 248.54123161061725 4.0589323 1.4227102 1.6884454 -4.14511 1.6519344 21.53818 -1.6315337 3.1407588
Car 0.0 0 -1.6250811 606.2988071743789 194.21206425454292 647.0168768320464 230.6284282903907 3.89927 1.5705814 1.696837 0.23558815 1.9290019 34.043396 -1.618161 1.636201
Car 0.0 0 0.6053152 0.0 198.1648899665345 180.32686834343022 303.5724251894483 4.115393 1.6476449 1.7068446 -10.22315 1.8566039 12.557998 -0.077949226 2.2686205
Car 0.0 0 -1.4437003 495.08598785587486 193.9827654793509 548.0696970844532 231.66529018329595 3.6242998 1.3806952 1.650189 -3.8979738 1.6780374 29.055252 -1.5770613 1.3118374
Car 0.0 0 1.2029152 310.23228552404544 179.1802900534493 394.28098332029776 223.10034831518902 3.7453184 1.5690981 1.8031439 -10.370132 1.2897294 27.902102 0.84707475 0.766504
Car 0.0 0 -1.4597789 511.6476753284836 190.58538128060323 555.1186582396529 222.9296140036761 3.9569771 1.4577273 1.6550487 -4.15807 1.6411172 35.09957 -1.5776943 0.8395718
Car 0.0 0 -1.475852 359.0349734552938 186.21434961134693 412.8752324316876 225.19346490483184 3.489198 1.4426236 1.6987094 -9.220642 1.4135466 28.718666 -1.7865233 0.47121984
Car 0.0 0 -2.183331 875.3115769047816 200.38054561286165 1242.0 375.0 4.2918906 1.6385463 1.7375056 3.3614714 1.7686002 4.8918786 -1.581279 0.5460245
Car 0.0 0 -2.1691942 888.168043918179 195.55969365847798 1242.0 375.0 3.8760254 1.5470952 1.6394502 3.1367764 1.6223521 4.421322 -1.5521436 0.5180269
Car 0.0 0 -2.1672544 888.5050321807581 194.88607769009806 1242.0 375.0 3.897975 1.5625988 1.6429138 3.153443 1.6323738 4.449699 -1.5507221 0.48886457
