Car 0.0 0 -1.1885934 195.5976083967611 188.66320935397064 426.4406002676107 327.4165072739702 3.4916437 1.4954703 1.5578889 -3.8223157 1.5215147 9.604491 -1.56735 4.338455
Car 0.0 0 -1.447885 433.2022096303937 193.96845371230083 512.4646830787184 249.71778613318773 4.126452 1.4094558 1.7341682 -4.157312 1.6314957 20.98062 -1.6435012 3.0249283
Car 0.0 0 -1.6236353 604.6973754553046 194.74758897400636 645.4413745691245 230.80027830298104 3.799033 1.5452639 1.6980525 0.16114794 1.9276593 33.84591 -1.6188741 1.5456845
Car 0.0 0 -1.4428716 490.30850536736426 194.0074017831594 543.2204695764018 232.87414956782425 3.4822552 1.3943554 1.6129464 -3.998469 1.6856906 28.391827 -1.5827831 1.5844446
Car 0.0 0 0.63567865 0.0 197.38243346875313 167.36261823119298 308.30533694498894 4.100313 1.5971762 1.7123965 -9.871004 1.7778232 11.620101 -0.068511486 1.5379868
Car 0.0 0 -1.429151 504.94831186678664 191.65676239926347 554.3252141867462 225.87933165825157 4.102855 1.4363865 1.6635975 -4.073931 1.662004 33.05938 -1.5517637 0.6618063
Car 0.0 0 1.2149811 303.2777942966776 179.84132606045438 385.8235162087612 222.91905435042855 3.7205672 1.539256 1.7789978 -10.661721 1.2834618 27.890623 0.8498528 0.4587586
Car 0.0 0 -2.1474915 848.2406109068637 196.00096615247514 1242.0 375.0 3.8189332 1.5016586 1.6629053 3.052102 1.5878303 5.0079064 -1.6001475 0.9018582
Car 0.0 0 -2.1885285 872.0267052063933 193.44292308385795 1242.0 375.0 3.945742 1.5359976 1.6663309 3.2824569 1.5976365 4.93827 -1.6018903 0.87060815
Car 0.0 0 -2.1765704 840.0463583156653 199.9356680228764 1242.0 375.0 4.009346 1.5179529 1.6677983 3.0527685 1.6436945 4.9982095 -1.6282678 0.6030151
