Car 0.0 0 -1.2603718 321.67214455907526 177.0114368542157 508.88841703442864 293.86693746153514 4.287059 1.5813316 1.6774338 -3.125783 1.4461627 11.997883 -1.5152342 4.91619
Car 0.0 0 1.4736321 569.6280409897804 185.39487672230976 622.2573153065706 226.76607099120866 4.0790033 1.5557548 1.7363461 -1.0650285 1.4953945 29.400633 1.4374232 1.9896784
Car 0.0 0 -1.4717908 250.12483036837995 181.38552641650872 338.39387822178804 242.56940705879234 3.8425486 1.4153457 1.7022198 -8.3604765 1.285468 18.862482 -1.8890032 3.1892014
Car 0.0 0 -0.94396687 67.41544472545844 172.06875578337582 229.84813609212537 234.87931471220733 3.7545917 1.4567373 1.6045576 -11.988904 1.1104436 18.735157 -1.5132196 2.3569825
Car 0.0 0 -1.4127297 469.7246366666856 186.49031445604555 531.2599564509331 230.0233240999644 3.4431307 1.4580504 1.6476766 -4.231647 1.4409795 26.006924 -1.5740285 1.6796198
Car 0.0 0 -0.89245516 0.0 156.66790020167667 176.8630216790861 325.5082121138165 4.245805 1.6939034 1.7140416 -7.884878 1.3895943 9.412484 -1.5897675 2.241095
Car 0.0 0 -1.359097 324.3153864920008 177.46359040918134 373.3001071087123 209.048803302291 3.5608535 1.4953212 1.5722953 -13.502047 1.0438442 36.19918 -1.7161071 0.6978348
Car 0.0 0 -1.53156 248.59928819459864 178.00941995639042 293.4540658924419 215.36770610192036 3.3458755 1.454567 1.5407274 -14.437544 1.1045134 30.069937 -1.9791874 0.66396666
Car 0.0 0 -1.5203366 523.824539988116 185.03497435121483 556.4802782030466 212.84973669020752 3.7173545 1.508445 1.6563327 -4.52554 1.4018781 41.222733 -1.6296813 0.5139591
Car 0.0 0 -1.9511504 274.75196264838445 183.2808424260389 399.40386713152117 242.28168215110753 3.8686206 1.3852242 1.7232175 -7.5055194 1.2979057 19.020096 -2.3270016 0.8748166
