Car 0.0 0 -1.3050051 345.1970540534402 181.08285616289407 499.75839502398156 285.9530541056819 3.4777815 1.4898187 1.5780581 -3.1067598 1.4057579 12.049042 -1.5573516 4.735564
Car 0.0 0 -1.3944392 445.13819259283395 179.0316159773664 538.7152812198859 244.57855050161606 3.9639606 1.4834989 1.6438066 -3.1350257 1.3031535 18.396992 -1.5632275 3.3541296
Car 0.0 0 1.5107181 570.0564186366308 185.4671321799257 640.7132938913569 242.83788449783287 3.8814728 1.4083748 1.682285 -0.50359017 1.370745 19.803467 1.4852942 2.835657
Car 0.0 0 -1.5564246 345.1732782174114 181.81523886165513 374.8548068349027 207.26188867460004 3.7378204 1.4391975 1.5899396 -15.424957 1.1459607 43.03029 -1.9006228 0.73568124
Car 0.0 0 -1.2863426 248.80393767779375 183.08279942263042 303.6140083757176 213.30243967414424 3.4239793 1.4592111 1.6145235 -17.419054 1.2700619 36.825737 -1.7281685 0.48759595
Car 0.0 0 -1.089828 0.0 198.04231347818674 417.0709887720451 375.0 3.8521671 1.4512209 1.6344122 -3.0591178 1.5721353 6.004919 -1.5609953 1.2201401
Car 0.0 0 -0.5728426 254.06768669445938 183.21957220353298 375.8607408526391 230.59910024056407 3.4562948 1.4630905 1.565992 -10.139735 1.3463501 24.256184 -0.9687921 0.5030706
Car 0.0 0 -1.0815992 0.0 197.97224686023137 421.91165980301355 375.0 3.7407472 1.4691439 1.6191708 -3.0052369 1.5885205 5.998183 -1.5460662 1.2135221
Car 0.0 0 -0.96308714 239.25170667796084 182.66266834361335 351.86204287721364 231.93703650760418 3.4925663 1.4782348 1.6388594 -10.465297 1.3481145 23.620234 -1.3801589 0.49390548
Car 0.0 0 -1.1196585 0.0 195.37990724027432 401.58280189032257 375.0 3.9945157 1.4780649 1.6787447 -3.16889 1.5702134 5.9442725 -1.6094339 0.49510506
