Car 0.0 0 -1.2497488 358.7540204447985 176.9000259979112 522.1022270486166 283.2445678670472 3.9082854 1.6362427 1.6870238 -3.0628936 1.4808421 13.178989 -1.4781023 4.152401
Car 0.0 0 0.3205079 181.2333737300625 185.82747984719782 283.0177229967417 219.81381827232497 3.7268863 1.4733995 1.5389496 -17.336432 1.4225676 32.503834 -0.16947463 1.4675118
Car 0.0 0 1.5053214 575.1686480234596 188.8038587826402 639.8176155784851 240.16252716465405 3.9641805 1.4220546 1.7149992 -0.4841953 1.4825566 22.267748 1.4835806 2.2346463
Car 0.0 0 -1.4259057 495.9021987389611 183.09872827369705 560.730828958666 230.22594445302042 3.875059 1.5117104 1.6824775 -3.1198285 1.3865684 25.211653 -1.5490253 1.6478494
Car 0.0 0 -1.0652947 0.0 191.96028435807727 428.89409085897563 375.0 3.745529 1.4997505 1.6299217 -2.9516165 1.5534322 5.939263 -1.5265129 2.0997655
Car 0.0 0 -1.4741273 321.9964139964257 183.73264527631108 360.8519878508804 212.30918323056974 3.527279 1.4415542 1.5879201 -14.762616 1.2767313 38.48474 -1.8404133 0.54069126
Car 0.0 0 -1.084496 0.0 184.1079786557753 427.19429887684566 375.0 3.7530203 1.528145 1.6554784 -2.882334 1.5129054 5.7123504 -1.5518004 1.1384548
Car 0.0 0 -1.0889139 0.0 180.15171634405476 418.0491765145109 375.0 3.8812363 1.5636016 1.6959237 -2.9923904 1.5277805 5.733631 -1.5699288 0.96444994
Car 0.0 0 -1.0733352 0.0 179.85764463643847 412.23190955761004 375.0 3.9059322 1.5676241 1.6911688 -3.067385 1.5303605 5.741217 -1.5640248 0.8938941
Car 0.0 0 -1.5375013 476.3823324858509 184.56395474812385 541.7114418795744 238.66926130410022 3.5579865 1.4109432 1.693713 -3.1228666 1.3474166 20.771585 -1.6867269 0.41266248
Car 0.0 0 -1.1207628 0.0 189.57800630119107 382.49386804449847 375.0 4.19163 1.4826827 1.745484 -3.341215 1.5110487 5.825056 -1.6415395 0.43347552
