Car 0.0 0 -1.4153652 459.80106364723923 180.9654447318876 542.5344253166528 244.2642348177061 4.157589 1.6303426 1.6922673 -3.2972987 1.4749148 20.754131 -1.5729227 3.1339576
Car 0.0 0 -1.5885673 573.150497567295 189.00313570149885 627.0951788367823 236.81872517529433 4.127221 1.5265723 1.7380568 -0.752866 1.6026294 25.425413 -1.6181694 2.064276
Car 0.0 0 -1.4806571 407.7063543546704 183.87092563019752 451.0812239219045 217.59999613878554 3.255516 1.432016 1.5899667 -8.519539 1.2991667 32.518078 -1.736892 1.4972036
Car 0.0 0 -1.4878783 367.61036603210283 180.79837758683135 403.8011208536046 208.50311589923444 3.5016358 1.4449047 1.597119 -12.8092375 1.1214671 39.698353 -1.7999961 1.1940743
Car 0.0 0 -1.0498557 0.0 176.16838828339021 434.2009705167641 375.0 3.8648446 1.4966152 1.6190931 -3.0378706 1.4324412 6.280025 -1.5004072 2.1038105
Car 0.0 0 -1.0923915 0.0 175.68987693808717 416.70675018175916 375.0 4.1457973 1.5224627 1.7235366 -3.1763647 1.4588757 6.1504498 -1.5691078 0.6402839
Car 0.0 0 -1.1133814 0.0 172.34441020381465 403.86955354737796 375.0 4.09915 1.5343535 1.7255536 -3.2413437 1.4530095 6.099441 -1.6018453 0.6493904
Car 0.0 0 -1.1208067 0.0 159.38545960968798 409.92306729144565 375.0 4.101268 1.5796402 1.7408986 -3.1527562 1.4297467 6.0135403 -1.6036861 0.6319157
Car 0.0 0 -1.1176548 0.0 161.9588472118713 401.742633263921 375.0 4.118246 1.5758768 1.7415982 -3.2452567 1.439224 6.0482345 -1.6101229 0.5575934
Car 0.0 0 -1.1047653 0.0 168.86256436254948 395.2892814025235 375.0 4.1255784 1.557208 1.726046 -3.373729 1.4542099 6.206393 -1.6026734 0.44260496
Car 0.0 0 -1.1412334 0.0 161.67105193953435 388.16407993743513 375.0 4.2758884 1.5744051 1.7788066 -3.4187095 1.4346483 6.1985416 -1.645254 0.42467025
