Car 0.0 0 -1.1670175 95.27603718551 185.22662988780044 417.4226993889121 374.95046091799384 3.5425985 1.475068 1.5689338 -3.3312476 1.4612803 7.42202 -1.5889004 3.7962565
Car 0.0 0 -1.4166493 460.9400277104438 189.58013449221352 539.1826760198471 242.40479912900759 4.0425706 1.4056457 1.6712693 -3.4649277 1.4894257 21.515997 -1.5763181 2.918615
Car 0.0 0 -0.9697589 0.0 173.5932889263052 183.24796845065796 253.11995784027238 4.1977572 1.5004802 1.7979552 -11.644245 1.2475272 15.807306 -1.6046526 2.724095
Car 0.0 0 -1.3666244 347.59950754629074 180.337398888512 425.7320050568352 233.41627276624598 4.049609 1.5809399 1.6269898 -7.528304 1.3824961 23.6922 -1.6742891 2.224107
Car 0.0 0 -1.6428981 594.446412795118 184.84397486332767 634.6531561445025 218.17795714064312 3.9894688 1.5521584 1.697497 -0.34715346 1.4517655 35.816605 -1.6525903 1.190543
Car 0.0 0 -1.355515 502.2164518838393 185.57730497046515 547.164514024771 216.95309271229297 3.5278645 1.5270234 1.5588495 -4.851546 1.4577825 37.109253 -1.4855145 0.74870074
Car 0.0 0 -0.55698395 171.3270056281237 177.13953721471026 295.7288469531498 217.9794067434346 4.0540056 1.4881718 1.6732625 -15.146449 1.1288645 28.591593 -1.0441488 0.64936835
Car 0.0 0 -1.4157982 371.76248323601124 177.59328552137484 408.185556300787 204.68073628734604 3.6605563 1.6016228 1.5954682 -14.195666 1.045424 44.79811 -1.7226692 0.4708106
Car 0.0 0 -1.6312022 428.4950530349487 184.3990642765585 464.53401755136815 214.15977708127062 3.522167 1.4630036 1.602647 -9.049347 1.3351445 37.559074 -1.8676324 0.5499033
Car 0.0 0 2.157806 166.02008272525157 176.40202966037143 260.69222001890046 213.84290301652885 3.7644117 1.4909426 1.7018188 -17.185917 1.0689181 30.813717 1.6490428 0.43404686
Car 0.0 0 -1.1823511 103.0969224346175 192.47848237813275 419.57539142247606 375.0 3.4390452 1.4080454 1.6045979 -3.2843785 1.4771101 7.3974953 -1.6001918 1.1163367
Car 0.0 0 -1.9901067 97.12548522021469 181.20184354437117 279.2457553934872 264.97770775366916 3.6400042 1.4217131 1.6870339 -8.415892 1.3233159 14.0392 -2.5301266 0.78502434
