Car 0.0 0 -1.3900361 425.8946415399346 188.72441410464862 523.6829297929642 253.68282955328513 3.8656847 1.4066731 1.6535805 -3.4353414 1.4534955 17.744518 -1.5812705 3.925857
Car 0.0 0 -1.2347546 291.93432913958054 180.70920808504926 403.848363287372 238.7211872740683 4.081137 1.4695082 1.6758813 -7.5193753 1.3101554 20.41963 -1.5875877 3.1646955
Car 0.0 0 -0.9660888 27.615183143058147 171.62507360652006 217.13623493300855 247.04038875763362 3.7340903 1.4817498 1.6151 -10.834328 1.1796653 16.122269 -1.5577816 2.2844927
Car 0.0 0 -1.3591142 338.3191779634523 173.77980514715622 385.54737024639496 206.1673987198975 3.719045 1.6386861 1.6202389 -13.713927 0.9697957 38.63115 -1.7002333 0.8093182
Car 0.0 0 -1.3768859 487.23146579645567 182.33715301225436 537.2179664797268 217.84025855042594 3.8162954 1.5822859 1.6246916 -5.051595 1.3744743 34.25642 -1.5232949 0.97100747
Car 0.0 0 -1.6478152 399.14617688921254 183.32236772495142 442.18789585442653 217.6995621981764 3.5873811 1.4546812 1.5924522 -9.037582 1.2990611 32.636543 -1.9179618 1.0254833
Car 0.0 0 -1.5525765 274.9635625650638 182.335999497565 308.77311987739864 212.35252753862093 3.213197 1.4356955 1.4856144 -16.479916 1.2126156 36.446667 -1.9772296 0.7192645
Car 0.0 0 -0.44378328 58.50794248629374 173.98127473826204 219.084831915705 226.6624150774165 4.083469 1.5828985 1.7088856 -15.783682 1.1917278 23.973156 -1.0260339 0.67911875
Car 0.0 0 -0.5318952 0.0 184.68626309510816 175.2324976678775 264.32571454882606 3.5228474 1.4816139 1.6804936 -11.731236 1.4385691 15.436583 -1.1817424 0.8396567
Car 0.0 0 -0.98831457 0.0 194.0239060370819 333.98594753946776 375.0 3.644757 1.456954 1.5709151 -3.2607594 1.5192591 4.581634 -1.6068513 1.1905993
Car 0.0 0 -0.97295 0.0 173.77213199573598 220.66776833814652 263.4602846443176 3.711809 1.4520298 1.6103929 -9.322296 1.2378738 13.59618 -1.5739838 0.88574815
Car 0.0 0 -0.9898319 0.0 195.40476177058065 338.45419868929775 375.0 3.717071 1.4587327 1.6096512 -3.325592 1.5355468 4.743934 -1.6012421 0.43742388
