Car 0.0 0 -1.4037099 446.09471217277144 192.3110816825222 530.2486712967195 252.21976325217514 3.6442509 1.4309782 1.622266 -3.447613 1.5870061 19.470476 -1.5789621 3.6016428
Car 0.0 0 -1.2764454 320.74577862072834 185.198588137422 415.877218817427 239.21945498617742 3.948023 1.4893997 1.6325221 -7.517913 1.4397333 21.9905 -1.60586 2.758485
Car 0.0 0 -1.6495237 414.6876727220187 187.20207772863077 453.6013919193318 218.99257656117805 3.5621197 1.4714277 1.5677494 -9.168627 1.4818687 35.52097 -1.9021288 1.1471995
Car 0.0 0 -1.5885901 301.6407977543342 187.35378232169504 333.65261465865075 215.51056409826882 3.2589433 1.426716 1.5111939 -16.140402 1.4464169 38.577396 -1.9848489 0.906282
Car 0.0 0 -1.32413 350.4265705983906 179.19552600828814 398.0078761072939 210.15597324416228 3.7071202 1.6483909 1.6581846 -13.69976 1.2328664 40.51428 -1.6502062 0.81649303
Car 0.0 0 0.13738585 134.93118360181265 180.8604077455394 254.9302979368106 222.21112026330107 3.7632685 1.4942557 1.5605718 -16.103193 1.2723944 27.636387 -0.39020163 1.0577178
Car 0.0 0 -1.0701852 0.0 190.1185655782789 401.7526523965607 375.0 3.5468123 1.4596758 1.5673107 -3.1499548 1.4931105 5.987032 -1.5545173 2.0854208
Car 0.0 0 -1.3837547 497.25230312406717 187.94777178883442 543.2163761404007 220.86899088192513 3.6693857 1.5429193 1.5987254 -4.9163346 1.592377 35.960026 -1.519629 0.82772124
Car 0.0 0 -1.0821586 0.0 187.99002135995434 393.7667890888159 375.0 3.610957 1.4771906 1.6069096 -3.2142403 1.4877753 5.940014 -1.578156 1.9889817
Car 0.0 0 0.56237257 0.0 179.2198651004802 96.62404470928868 222.82714101839542 3.7403893 1.4969888 1.6657897 -21.265892 1.2299055 25.946898 -0.124201596 0.53198105
Car 0.0 0 -1.7043924 591.1237610414072 189.03122237523436 632.7755190151463 220.62063684154543 3.8735418 1.5424869 1.65966 -0.49617422 1.6538196 37.700916 -1.7175524 0.61644524
Car 0.0 0 -0.59707785 103.57627601237265 179.73510529483067 241.05746173307992 224.8992735807428 3.796335 1.4429417 1.6497422 -15.466321 1.2108369 25.23262 -1.1469647 0.56808454
Car 0.0 0 0.514206 115.4968110917024 180.79431761406536 254.16721242451428 222.40919902785572 3.9751565 1.4504163 1.6851933 -15.634683 1.2341278 26.159966 -0.024488807 0.4043394
Car 0.0 0 -2.0273438 0.0 186.14935685513984 169.78686426271912 266.7801697614179 3.5439258 1.3691294 1.7344242 -10.59097 1.3546853 13.877378 -2.6792283 0.4164101
