Car 0.0 0 -1.2856579 315.7530615089513 185.27676738925507 476.94536269926925 288.00747987422363 3.5709512 1.4587305 1.5807694 -3.53649 1.4342613 12.080556 -1.570443 5.0442543
Car 0.0 0 -1.0358624 22.53208024963739 162.36711970650117 285.9364198926878 273.6075890462421 4.260043 1.5338744 1.7136575 -7.4174566 1.1942161 12.138477 -1.5843817 4.420868
Car 0.0 0 -1.6323447 593.8458599845743 182.0669908124256 636.7818848786693 218.3586514897864 3.992371 1.5707196 1.7308503 -0.29629633 1.3572167 33.430832 -1.6412075 1.6563269
Car 0.0 0 -1.4216657 490.1548008604556 185.76519305175853 551.641219477296 229.77455158033445 3.958357 1.4956741 1.656548 -3.5752969 1.4537088 26.631607 -1.5551178 1.9576172
Car 0.0 0 -1.4947777 400.68117427409436 174.9332042506672 435.4780644384774 204.5663872375879 3.7238584 1.6577295 1.6852075 -11.831581 0.9826929 42.5482 -1.7660003 0.7580756
Car 0.0 0 -1.1060271 278.3084939575157 175.79950748580762 340.5219339744718 205.84124251546058 3.5318468 1.4961826 1.5696214 -16.196394 0.9383592 37.91849 -1.5097065 0.59404224
Car 0.0 0 -1.5745268 430.4446315325169 184.80910454725935 469.93442108930566 218.77092424291533 3.647046 1.3955685 1.5895286 -7.4605374 1.3055396 31.75055 -1.8053136 0.68114835
Car 0.0 0 -1.4997177 455.7197225848747 183.09900947668294 490.00860805796896 211.36834961605754 3.488933 1.493911 1.6133572 -8.131933 1.2877607 40.147156 -1.6995671 0.56089586
Car 0.0 0 -1.1595464 182.05775715518186 173.91534816557473 300.5910397390535 233.36819436899458 3.2602687 1.4071238 1.540456 -9.714108 1.0974376 18.836082 -1.6356893 0.41336522
Car 0.0 0 -1.588438 283.0136680938814 182.8170604866874 363.51398349923403 242.83006101816227 3.4481976 1.3536235 1.7152195 -7.507956 1.2592752 18.275736 -1.9782332 0.4017132
