Car 0.0 0 -1.3943982 435.8925965811316 191.17828933266682 526.8316864872461 253.55259378587508 3.6978655 1.4147961 1.6411194 -3.4432898 1.5323799 18.548151 -1.5779493 3.6865845
Car 0.0 0 -1.254179 310.60462977187615 184.869934897901 409.55846589976176 238.42376824218985 3.9063463 1.4549671 1.6305181 -7.6486464 1.3970969 21.668447 -1.593511 2.7753863
Car 0.0 0 -1.3863711 493.88016258257994 186.45503812629838 539.1359305098036 219.3512839096391 3.5358531 1.5200369 1.5543299 -5.0092716 1.4948559 35.300503 -1.5273337 0.94181067
Car 0.0 0 0.39476168 89.90070242763642 178.49824888993814 244.99721551659357 226.57753956224323 4.0606427 1.5270022 1.6536477 -14.979356 1.2569859 24.166296 -0.16012204 1.1446667
Car 0.0 0 -1.5721264 288.8920336076454 186.49747734140456 321.64509584981477 215.26343235474914 3.1560862 1.414071 1.4888698 -16.249784 1.389368 37.3839 -1.9821618 0.7266537
Car 0.0 0 -1.6280227 407.86583080096017 186.2713382820974 448.8224534091429 218.94716607954024 3.7338095 1.4577129 1.6621124 -9.153937 1.4252063 34.37666 -1.8882673 0.86532867
Car 0.0 0 -1.323359 346.33637297764704 178.04564120186302 392.93956283201356 207.94081021848623 3.7473004 1.621215 1.6335607 -14.21184 1.1356201 41.253014 -1.6551294 0.528488
Car 0.0 0 -1.0361824 0.0 192.56822721693501 377.6862102006885 375.0 3.6930292 1.4909441 1.6113847 -3.2571478 1.5472288 5.4807224 -1.572394 1.6682527
Car 0.0 0 -1.711525 590.2394308955796 186.69193380369998 632.1507670861414 217.07061600403154 3.7146506 1.512359 1.6911708 -0.5377291 1.4970224 38.05904 -1.7256528 0.5517788
Car 0.0 0 0.016836524 65.43294606879543 179.6274401371891 243.8022878817132 240.65996448400395 3.7075694 1.4261577 1.6117395 -11.809441 1.2538818 18.596167 -0.548955 0.5214926
Car 0.0 0 -1.0446262 0.0 190.0905233088644 371.9633732451918 375.0 3.577457 1.4790491 1.5663649 -3.2680595 1.5101647 5.503198 -1.5805094 0.7848888
Car 0.0 0 -1.0660443 0.0 191.9683043581417 293.79485489314465 365.89097980939624 3.5780792 1.4400944 1.545723 -5.064209 1.5070873 7.9419956 -1.6336882 0.4506158
