Car 0.0 0 -1.3416176 334.9784803630803 183.85536439525836 420.26725316883636 237.8587125655926 3.9935286 1.5240366 1.630598 -7.423608 1.4352914 22.522049 -1.660018 2.69386
Car 0.0 0 -1.420845 454.04299947306737 191.9036759065674 534.8179442974576 248.02115974576247 4.069139 1.4160091 1.6627673 -3.48542 1.5698721 20.700367 -1.5876552 3.021725
Car 0.0 0 -1.1132269 10.990197753590415 190.02691278752442 408.1174006233067 375.0 3.8077137 1.4997818 1.6065451 -3.3779557 1.5364541 6.8790207 -1.5696903 3.2207005
Car 0.0 0 -1.573566 423.48206310849395 187.25160774644402 458.69939288163255 218.1698184764742 3.5974638 1.4568619 1.6216319 -8.942445 1.4700763 36.13573 -1.8161603 1.3542718
Car 0.0 0 -1.4184914 362.3486372874129 179.4335894295393 400.5590818459872 208.24027227554137 3.888054 1.673233 1.6356202 -14.507467 1.2337389 44.164043 -1.735877 0.63824135
Car 0.0 0 0.362379 168.7351007684259 181.32017372684055 270.40705572060176 215.33547863406045 3.578791 1.4372283 1.5101991 -17.422697 1.197242 31.632545 -0.1410659 1.0554459
Car 0.0 0 -1.3712106 498.30819917399396 187.00543268297704 543.6792598845519 219.00860964272366 3.6449082 1.5301602 1.5687484 -4.959001 1.530448 36.53464 -1.5061203 0.8935466
Car 0.0 0 2.2248516 132.77458410080305 178.58779914484683 218.3298923791 211.4450726284561 3.5624092 1.4635212 1.5916418 -20.8578 1.0888269 34.148422 1.67653 0.77533966
Car 0.0 0 -2.1174836 0.0 171.04793815833906 146.30869328562886 262.02110389149146 3.89981 1.6248144 1.8122741 -11.726647 1.3399047 14.45749 -2.7989638 1.0887582
Car 0.0 0 -1.7178283 591.9132349504089 187.89729919273321 633.4082143064154 217.84569541967744 3.6711361 1.5189189 1.6988338 -0.46791893 1.5693916 38.834515 -1.7298768 0.597099
Car 0.0 0 -2.1996207 19.587186575247813 187.00050027343093 238.86582316506744 271.29082090880456 3.55856 1.4121249 1.5946456 -9.127241 1.4121351 13.501809 -2.794058 0.6126261
