Car 0.0 0 -1.2253491 204.04291623264956 186.24860231726137 446.3077530153279 335.1267165343093 3.5367682 1.4746376 1.5898327 -3.3524396 1.467195 8.959473 -1.583399 4.3632746
Car 0.0 0 -1.4381199 472.0718711270811 186.69099584429287 542.7498564248638 238.12067488698526 4.0000596 1.4762561 1.6683644 -3.4621985 1.4673864 22.82552 -1.5886534 3.0014358
Car 0.0 0 -1.6470156 594.5554943990052 183.54474007235575 637.2984598928043 219.17653301013303 3.951276 1.6226894 1.7651228 -0.27698803 1.4653351 35.06006 -1.6549158 1.5397185
Car 0.0 0 -1.0099869 43.581363471294644 173.83592933617194 230.6202557997619 244.6793773975683 4.04776 1.4585016 1.7258126 -11.047907 1.187484 16.964039 -1.5872436 2.454419
Car 0.0 0 -1.6143031 440.39904443697367 184.25488040581064 475.43333871576317 213.94300974055975 3.420099 1.4580628 1.6165521 -8.437248 1.3232427 37.46915 -1.8357875 1.1926775
Car 0.0 0 -1.8749804 169.19566461421257 178.70265588750158 324.4173005593978 260.11451924487955 3.9166262 1.4153814 1.6624874 -7.59926 1.2711284 14.577651 -2.3555188 2.9029803
Car 0.0 0 -1.5742488 388.31379217817874 176.42128385956372 416.30191963098457 204.385715881706 3.8080215 1.6861095 1.6247083 -13.777635 1.0482681 45.77238 -1.8666258 0.5203792
Car 0.0 0 -1.4014314 374.19567698156976 181.84091559344824 433.83929126245874 222.3453848223328 3.7618768 1.4837712 1.6286365 -8.43586 1.2947822 28.522568 -1.6889946 1.1200646
Car 0.0 0 -2.0534983 223.99161910838765 176.19324590380603 287.03699462632744 205.6013702804111 3.3940108 1.4811618 1.5650265 -19.215714 0.9368717 38.13978 -2.5202 0.54546565
Car 0.0 0 2.4393682 0.0 169.97330646942189 151.0099799149683 324.3624065944691 4.0252175 1.5978265 1.6946539 -8.561504 1.4216113 9.615122 1.7118708 0.6342357
